  0.100000001       1.00000007E-02   2.00000014E-02
  0.200000003       4.00000028E-02   8.00000057E-02
  0.300000012       9.00000036E-02  0.180000007    
  0.400000006      0.160000011      0.320000023    
  0.500000000      0.250000000      0.500000000    
  0.600000024      0.360000014      0.720000029    
  0.699999988      0.489999980      0.979999959    
  0.800000012      0.640000045       1.28000009    
  0.900000036      0.810000062       1.62000012    
   1.00000000       1.00000000       2.00000000    
   1.10000002       1.21000004       2.42000008    
   1.20000005       1.44000006       2.88000011    
   1.30000007       1.69000018       3.38000035    
   1.39999998       1.95999992       3.91999984    
   1.50000000       2.25000000       4.50000000    
   1.60000002       2.56000018       5.12000036    
   1.70000005       2.89000010       5.78000021    
   1.80000007       3.24000025       6.48000050    
   1.89999998       3.60999990       7.21999979    
   2.00000000       4.00000000       8.00000000    
   2.10000014       4.41000080       8.82000160    
   2.20000005       4.84000015       9.68000031    
   2.29999995       5.28999996       10.5799999    
   2.40000010       5.76000023       11.5200005    
   2.50000000       6.25000000       12.5000000    
   2.60000014       6.76000071       13.5200014    
   2.70000005       7.29000044       14.5800009    
   2.79999995       7.83999968       15.6799994    
   2.90000010       8.41000080       16.8200016    
   3.00000000       9.00000000       18.0000000    
   3.10000014       9.61000061       19.2200012    
   3.20000005       10.2400007       20.4800014    
   3.29999995       10.8899994       21.7799988    
   3.40000010       11.5600004       23.1200008    
   3.50000000       12.2500000       24.5000000    
   3.60000014       12.9600010       25.9200020    
   3.70000005       13.6900005       27.3800011    
   3.79999995       14.4399996       28.8799992    
   3.90000010       15.2100010       30.4200020    
   4.00000000       16.0000000       32.0000000    
   4.09999990       16.8099995       33.6199989    
   4.20000029       17.6400032       35.2800064    
   4.30000019       18.4900017       36.9800034    
   4.40000010       19.3600006       38.7200012    
   4.50000000       20.2500000       40.5000000    
   4.59999990       21.1599998       42.3199997    
   4.70000029       22.0900021       44.1800041    
   4.80000019       23.0400009       46.0800018    
   4.90000010       24.0100002       48.0200005    
   5.00000000       25.0000000       50.0000000    
   5.09999990       26.0099983       52.0199966    
   5.20000029       27.0400028       54.0800056    
   5.30000019       28.0900021       56.1800041    
   5.40000010       29.1600018       58.3200035    
   5.50000000       30.2500000       60.5000000    
   5.59999990       31.3599987       62.7199974    
   5.70000029       32.4900017       64.9800034    
   5.80000019       33.6400032       67.2800064    
   5.90000010       34.8100014       69.6200027    
   6.00000000       36.0000000       72.0000000    
   6.09999990       37.2099991       74.4199982    
   6.20000029       38.4400024       76.8800049    
   6.30000019       39.6900024       79.3800049    
   6.40000010       40.9600029       81.9200058    
   6.50000000       42.2500000       84.5000000    
   6.59999990       43.5599976       87.1199951    
   6.70000029       44.8900032       89.7800064    
   6.80000019       46.2400017       92.4800034    
   6.90000010       47.6100006       95.2200012    
   7.00000000       49.0000000       98.0000000    
   7.09999990       50.4099998       100.820000    
   7.20000029       51.8400040       103.680008    
   7.30000019       53.2900009       106.580002    
   7.40000010       54.7600021       109.520004    
   7.50000000       56.2500000       112.500000    
   7.59999990       57.7599983       115.519997    
   7.70000029       59.2900047       118.580009    
   7.80000019       60.8400040       121.680008    
   7.90000010       62.4099998       124.820000    
   8.00000000       64.0000000       128.000000    
   8.10000038       65.6100082       131.220016    
   8.19999981       67.2399979       134.479996    
   8.30000019       68.8899994       137.779999    
   8.40000057       70.5600128       141.120026    
   8.50000000       72.2500000       144.500000    
   8.60000038       73.9600067       147.920013    
   8.69999981       75.6899948       151.379990    
   8.80000019       77.4400024       154.880005    
   8.90000057       79.2100067       158.420013    
   9.00000000       81.0000000       162.000000    
   9.10000038       82.8100052       165.620010    
   9.19999981       84.6399994       169.279999    
   9.30000019       86.4900055       172.980011    
   9.40000057       88.3600082       176.720016    
   9.50000000       90.2500000       180.500000    
   9.60000038       92.1600037       184.320007    
   9.69999981       94.0899963       188.179993    
   9.80000019       96.0400009       192.080002    
   9.90000057       98.0100098       196.020020    
   10.0000000       100.000000       200.000000    
