  0.100000001       1.09483755    
  0.200000003       1.17873585    
  0.300000012       1.25085676    
  0.400000006       1.31047928    
  0.500000000       1.35700810    
  0.600000024       1.38997805    
  0.699999988       1.40905988    
  0.800000012       1.41406274    
  0.900000036       1.40493691    
   1.00000000       1.38177323    
   1.10000002       1.34480345    
   1.20000005       1.29439676    
   1.30000007       1.23105693    
   1.39999998       1.15541685    
   1.50000000       1.06823218    
   1.60000002      0.970374048    
   1.70000005      0.862820268    
   1.80000007      0.746645451    
   1.89999998      0.623010516    
   2.00000000      0.493150562    
   2.10000014      0.358363092    
   2.20000005      0.219995201    
   2.29999995       7.94292614E-02
   2.40000010      -6.19306415E-02
   2.50000000     -0.202671498    
   2.60000014     -0.341387570    
   2.70000005     -0.476692319    
   2.79999995     -0.607234120    
   2.90000010     -0.731708944    
   3.00000000     -0.848872483    
   3.10000014     -0.957554638    
   3.20000005      -1.05666900    
   3.29999995      -1.14522541    
   3.40000010      -1.22233939    
   3.50000000      -1.28723991    
   3.60000014      -1.33927894    
   3.70000005      -1.37793612    
   3.79999995      -1.40282559    
   3.90000010      -1.41369843    
   4.00000000      -1.41044617    
   4.09999990      -1.39310110    
   4.20000029      -1.36183643    
   4.30000019      -1.31696498    
   4.40000010      -1.25893486    
   4.50000000      -1.18832588    
   4.59999990      -1.10584354    
   4.70000029      -1.01231170    
   4.80000019     -0.908665419    
   4.90000010     -0.795940101    
   5.00000000     -0.675262094    
   5.09999990     -0.547837079    
   5.20000029     -0.414937586    
   5.30000019     -0.277892858    
   5.40000010     -0.138071492    
   5.50000000       3.12947482E-03
   5.59999990      0.144299105    
   5.70000029      0.284027666    
   5.80000019      0.420917571    
   5.90000010      0.553601921    
   6.00000000      0.680754781    
   6.09999990      0.801105797    
   6.20000029      0.913452983    
   6.30000019       1.01667273    
   6.40000010       1.10973418    
   6.50000000       1.19170761    
   6.59999990       1.26177382    
   6.70000029       1.31923318    
   6.80000019       1.36351085    
   6.90000010       1.39416492    
   7.00000000       1.41088879    
   7.09999990       1.41351569    
   7.20000029       1.40201914    
   7.30000019       1.37651408    
   7.40000010       1.33725536    
   7.50000000       1.28463531    
   7.59999990       1.21917963    
   7.70000029       1.14154184    
   7.80000019       1.05249858    
   7.90000010      0.952939153    
   8.00000000      0.843858242    
   8.10000038      0.726345181    
   8.19999981      0.601575971    
   8.30000019      0.470794708    
   8.40000057      0.335309446    
   8.50000000      0.196475223    
   8.60000038       5.56764863E-02
   8.69999981      -8.56771693E-02
   8.80000019     -0.226176113    
   8.90000057     -0.364415109    
   9.00000000     -0.499011755    
   9.10000038     -0.628623724    
   9.19999981     -0.751953483    
   9.30000019     -0.867771089    
   9.40000057     -0.974918187    
   9.50000000      -1.07232332    
   9.60000038      -1.15901494    
   9.69999981      -1.23412538    
   9.80000019      -1.29690552    
   9.90000057      -1.34672725    
   10.0000000      -1.38309264    
